48,1
48,3
53,1
53,3
51,1
51,3
47,1
47,3
50,1
50,3
52,1
52,3
0,273
0,270
3,1
3,3
10,275
10,233
10,25
10,189
10,279
10,27
10,127
11,16
8,8
8,9
8,13
12,3
12,2
12,1
11,30
11,29
11,28
11,27
11,26
11,25
11,24
11,23
11,22
11,21
11,19
11,18
11,17
11,14
11,11
11,10
11,9
11,8
11,7
11,6
11,5
20,2
20,1
20,3
11,4
11,3
11,2
11,1
10,317
10,316
10,315
10,314
10,313
10,312
10,311
10,310
10,309
10,308
19,2
10,307
19,1
19,3
10,306
10,305
10,304
10,303
10,302
10,301
10,300
10,299
10,298
10,297
10,296
10,295
10,294
10,293
10,292
10,291
10,290
10,289
10,288
10,241
10,236
10,214
10,212
10,156
10,147
10,133
10,89
10,85
10,67
10,64
10,32
18,1
18,3
14,1
14,3
13,1
13,3
10,16
